ka_pop,1,-0.029856,-0.069118,0.30649,-0.072573,0.017687,-0.044911,0.04045
V_pop,-0.029856,1,-0.01253,-0.015551,0.052032,0.008128,-0.049529,0.062089
Cl_pop,-0.069118,-0.01253,1,0.014988,0.0026955,-0.010081,0.019723,-0.015982
omega_ka,0.30649,-0.015551,0.014988,1,-0.028033,0.00946,-0.098307,0.093361
omega_V,-0.072573,0.052032,0.0026955,-0.028033,1,0.0018882,0.010128,-0.063945
omega_Cl,0.017687,0.008128,-0.010081,0.00946,0.0018882,1,0.03342,-0.060745
a,-0.044911,-0.049529,0.019723,-0.098307,0.010128,0.03342,1,-0.65042
b,0.04045,0.062089,-0.015982,0.093361,-0.063945,-0.060745,-0.65042,1
