ka_pop,0.017371,-0.0013571,-6.4499e-5,0.0077303,-0.00034809,9.3205e-5,-0.00046184,8.3988e-5
V_pop,-0.0013571,0.11894,-3.0597e-5,-0.0010264,0.00065303,0.00011208,-0.0013327,0.00033734
Cl_pop,-6.4499e-5,-3.0597e-5,5.013e-5,2.0308e-5,6.9454e-7,-2.8537e-6,1.0896e-5,-1.7826e-6
omega_ka,0.0077303,-0.0010264,2.0308e-5,0.036623,-0.00019523,7.2383e-5,-0.0014679,0.00028147
omega_V,-0.00034809,0.00065303,6.9454e-7,-0.00019523,0.0013244,2.7474e-6,2.8756e-5,-3.666e-5
omega_Cl,9.3205e-5,0.00011208,-2.8537e-6,7.2383e-5,2.7474e-6,0.0015986,0.00010426,-3.8262e-5
a,-0.00046184,-0.0013327,1.0896e-5,-0.0014679,2.8756e-5,0.00010426,0.0060877,-0.00079948
b,8.3988e-5,0.00033734,-1.7826e-6,0.00028147,-3.666e-5,-3.8262e-5,-0.00079948,0.00024818
