V_pop,1,0.13453,0.006789,0.0096853,0,0,0,0
beta_V_lw70,0.13453,1,0.0086638,-0.014555,0,0,0,0
Cl_pop,0.006789,0.0086638,1,0.084022,0,0,0,0
beta_Cl_lw70,0.0096853,-0.014555,0.084022,1,0,0,0,0
omega_ka,0,0,0,0,1,-0.0099042,0.023536,-0.046401
omega_Cl,0,0,0,0,-0.0099042,1,-0.03985,0.014517
a,0,0,0,0,0.023536,-0.03985,1,-0.83739
b,0,0,0,0,-0.046401,0.014517,-0.83739,1
