V_pop,0.026239,0.0020201,6.9507e-6,0.00038731,0,0,0,0
beta_V_lw70,0.0020201,0.0085934,5.0762e-6,-0.00033309,0,0,0,0
Cl_pop,6.9507e-6,5.0762e-6,3.9948e-5,0.0001311,0,0,0,0
beta_Cl_lw70,0.00038731,-0.00033309,0.0001311,0.060946,0,0,0,0
omega_ka,0,0,0,0,0.035382,-6.4936e-5,0.00039248,-0.00014509
omega_Cl,0,0,0,0,-6.4936e-5,0.0012149,-0.00012314,8.4114e-6
a,0,0,0,0,0.00039248,-0.00012314,0.0078592,-0.0012341
b,0,0,0,0,-0.00014509,8.4114e-6,-0.0012341,0.00027635
