V_pop,0.11849,0.00068329,-0.0037897,0.00063092,-0.0028758,0.00017942,-0.0015938,0.00026498
Cl_pop,0.00068329,5.0152e-5,8.1455e-5,-2.242e-6,2.5272e-5,2.0819e-6,1.3232e-5,-2.3291e-6
omega_ka,-0.0037897,8.1455e-5,0.048779,8.5628e-5,0.001791,9.559e-5,-0.0013795,0.00015156
omega_V,0.00063092,-2.242e-6,8.5628e-5,0.0012043,0.00075359,0.00013108,-0.00014436,1.1379e-5
corr_V_Cl,-0.0028758,2.5272e-5,0.001791,0.00075359,0.037964,0.00026733,3.1576e-5,0.00010315
omega_Cl,0.00017942,2.0819e-6,9.559e-5,0.00013108,0.00026733,0.0016827,0.00010716,-3.8359e-5
a,-0.0015938,1.3232e-5,-0.0013795,-0.00014436,3.1576e-5,0.00010716,0.0080465,-0.0012373
b,0.00026498,-2.3291e-6,0.00015156,1.1379e-5,0.00010315,-3.8359e-5,-0.0012373,0.00026472
