ka_pop,1,0.13655,-0.055721,-0.0012643,0,0,0,0,0
V_pop,0.13655,1,-0.1147,0.0033194,0,0,0,0,0
Cl_pop,-0.055721,-0.1147,1,0.11754,0,0,0,0,0
beta_Cl_lw70,-0.0012643,0.0033194,0.11754,1,0,0,0,0,0
omega_ka,0,0,0,0,1,-0.014958,9.5512e-5,-0.014027,-0.0056231
omega_V,0,0,0,0,-0.014958,1,-0.0094397,-0.0098339,-0.053708
omega_Cl,0,0,0,0,9.5512e-5,-0.0094397,1,-0.066259,0.035482
a,0,0,0,0,-0.014027,-0.0098339,-0.066259,1,-0.77152
b,0,0,0,0,-0.0056231,-0.053708,0.035482,-0.77152,1
