ka_pop,0.082719,0.061483,-0.0036885,-0.00022158,0,0,0,0,0
V_pop,0.061483,2.4509,-0.041328,0.0031665,0,0,0,0,0
Cl_pop,-0.0036885,-0.041328,0.052974,0.016485,0,0,0,0,0
beta_Cl_lw70,-0.00022158,0.0031665,0.016485,0.37131,0,0,0,0,0
omega_ka,0,0,0,0,0.018795,-8.1844e-5,8.0963e-7,-0.00019996,-1.9392e-5
omega_V,0,0,0,0,-8.1844e-5,0.0015928,-2.3294e-5,-4.0811e-5,-5.3921e-5
omega_Cl,0,0,0,0,8.0963e-7,-2.3294e-5,0.0038231,-0.00042601,5.5189e-5
a,0,0,0,0,-0.00019996,-4.0811e-5,-0.00042601,0.010813,-0.0020181
b,0,0,0,0,-1.9392e-5,-5.3921e-5,5.5189e-5,-0.0020181,0.00063281
