ka_pop,0.082388,0.055,-0.0034765,1.2607e-5,0.0019205,0.00047823,-0.0001258,0.002637,-0.00075546
V_pop,0.055,2.4398,-0.04221,-0.0079057,-0.0026577,0.003411,-0.00094175,-0.0015931,0.001121
Cl_pop,-0.0034765,-0.04221,0.053262,0.017529,0.00011838,-0.00024513,-0.00021496,-8.2635e-5,3.3988e-5
beta_Cl_lw70,1.2607e-5,-0.0079057,0.017529,0.38051,-0.0032869,-0.0025702,0.00030482,0.006619,-0.0012706
omega_ka,0.0019205,-0.0026577,0.00011838,-0.0032869,0.020448,0.00071429,-0.00019834,-0.00033071,-0.00010994
omega_V,0.00047823,0.003411,-0.00024513,-0.0025702,0.00071429,0.0017224,-0.00039269,0.00010094,-9.9446e-5
omega_Cl,-0.0001258,-0.00094175,-0.00021496,0.00030482,-0.00019834,-0.00039269,0.0041117,-3.3883e-5,4.0989e-6
a,0.002637,-0.0015931,-8.2635e-5,0.006619,-0.00033071,0.00010094,-3.3883e-5,0.014559,-0.0031218
b,-0.00075546,0.001121,3.3988e-5,-0.0012706,-0.00010994,-9.9446e-5,4.0989e-6,-0.0031218,0.00095784
